Adoption,Died,Euthanasia,Return_to_owner,Transfer,id
0.13048565589880115,0.0008481086035059509,0.05186005691272819,0.24054277147491812,0.5762634071100471,1
0.4840991616634756,3.077641115502455e-05,0.034213073431514134,0.377115434890571,0.10454155360328413,2
0.48472214185170126,0.0017106554585968276,0.023927466899965544,0.13665874292458502,0.35298099286515094,3
0.18006599818742036,0.0025609772825129213,0.04723645753409245,0.19512126109997696,0.5750153058959974,4
0.4777929428035791,0.000338805004686267,0.008359144760133564,0.3147735318151496,0.1987355756164516,5
0.31979799598898495,0.0007741912249780775,0.016483556743093063,0.5436389666329977,0.11930528940994602,6
0.23793648456542024,0.0015195653384125843,0.08833393338536316,0.37428879945996435,0.29792121725083953,7
0.6460970193834329,0.0008576397147620724,0.03587030797639818,0.07226656089877938,0.2449084720266268,8
0.721840943277849,0.00020507961567521512,0.0014669308573676742,0.11033662031385331,0.1661504259352541,9
0.663755547229172,8.180685923740193e-05,0.006915062558232019,0.19452908687788356,0.13471849647547504,10
0.6376608203317593,4.831079156154878e-05,0.005315969094055596,0.14857510550052896,0.2083997942820952,11
0.0960616653933848,0.0023309952485642896,0.10880410047696756,0.34371979989344575,0.44908343898763764,12
0.7295644553453887,0.0005305851994511787,0.0058851181643072275,0.11889645033479096,0.14512339095606233,13
0.4405345337958009,0.000680333086379342,0.010827984438225004,0.041953102943412625,0.5060040457361821,14
0.6977284573030873,4.341026136761768e-05,0.022524031589351026,0.19937669796002627,0.08032740288616715,15
0.5454707042966919,0.00022688628361923295,0.008658951488676434,0.16793577479329438,0.2777076831377193,16
0.4248631332768952,0.0005984645556315057,0.0215698512548821,0.4586780450654382,0.09429050584715304,17
0.40130285085145706,0.0009660119459043666,0.014674298463230118,0.4337840180188578,0.1492728207205512,18
0.3470047736317773,0.0008352414912108344,0.03729571940751181,0.28855510509588933,0.3263091603736106,19
0.019407748177787107,0.05296249603864674,0.348976138878718,0.027793845226246776,0.5508597716786008,20
0.42097781396918027,0.0008379110418018478,0.029282178467553967,0.1680622842703581,0.3808398122511056,21
0.004327181344244477,0.015506035197701804,0.027526300690041073,0.048771123357556324,0.9038693594104578,22
0.671341751886212,6.253431816637865e-05,0.009372075395579941,0.17008961071137038,0.14913402768867165,23
0.006818375906180875,0.007162914297979274,0.05317094827716209,0.03689648787608654,0.8959512736425918,24
0.5518846102012568,0.00015288044729852113,0.03639621150026194,0.2572307577400282,0.15433554011115377,25
0.2887871552782905,0.017844471214486235,0.15493499815050046,0.04700441758493481,0.4914289577717884,26
0.9030961903955174,0.009900321043532742,0.005374777648538183,0.012955882755774042,0.06867282815663782,27
0.08426091477192428,0.009741875709824828,0.05629583291519712,0.049461760190291894,0.8002396164127625,28
0.5618446129675944,0.00011077042032286007,0.05650666808881351,0.250445734448376,0.13109221407489172,29
0.3526015453623136,0.0003212263275731744,0.02806408970902263,0.5136052842998449,0.10540785430124493,30
0.2977411703682583,0.0043605824383878625,0.047764774603449994,0.09421118002557968,0.5559222925643238,31
0.6505947029425329,0.001499809155918765,0.018159570769678026,0.14790467158117226,0.1818412455506968,32
0.3945853549868351,0.007153134585144592,0.10040514652281197,0.0703154696391367,0.42754089426607245,33
0.69348075122202,0.0025524268896832134,0.014387127893694517,0.06818445576518405,0.22139523822941803,34
0.32935129879672503,0.03900197457558625,0.06872880310356068,0.05129915099733802,0.5116187725267903,35
0.5264643553223921,7.774006767149155e-05,0.017787682356109596,0.3197878870365723,0.13588233521725543,36
0.3039191100050772,0.012862246038745622,0.18690793227970942,0.07179309265917411,0.4245176190172936,37
0.7986287091197822,3.4587159517684863e-06,0.002565206575193348,0.08129936621782644,0.11750325937124652,38
0.42830817750705713,0.001097880378615219,0.023608931854239304,0.4248123022349304,0.12217270802515817,39
0.474041360050058,0.0010307669014888205,0.016172839155757752,0.047399225987692355,0.461355807905003,40
0.13526653284605422,0.00031089535869547593,0.042480435721321874,0.27982166869254704,0.5421204673813816,41
0.007683095195052081,0.009647991987114558,0.057056749583945444,0.01649460284005228,0.9091175603938363,42
0.407459370545432,0.0009396416938218446,0.03925860599013791,0.1334200923106691,0.41892228945993926,43
0.019180883783083108,0.03388718050155233,0.04615593742872193,0.0016962681042781637,0.8990797301823653,44
0.29015426621627716,0.0021855460534203905,0.14574600982016694,0.07367082749572908,0.48824335041440736,45
0.6666103410860967,0.0004736796035459294,0.012602651469102017,0.052305872132293735,0.26800745570896156,46
0.5333192677115318,0.0036313164463395546,0.04879328232525058,0.1455904477707209,0.26866568574615646,47
0.46401184333477974,0.001023102124999825,0.026652376027893224,0.30043792864236285,0.2078747498699637,48
0.5038234679155277,5.125295581365838e-05,0.07134706902758228,0.2940185130435748,0.13075969705750162,49
0.10373878530287768,0.003118233799000137,0.038709989009414816,0.29758844651633876,0.5568445453723679,50
0.5340634527707294,0.04322887762211805,0.03753902516945143,0.04160834139824293,0.34356030303945884,51
0.3480491628709262,0.00031429027124035017,0.038440728823212346,0.4208044479223673,0.19239137011225424,52
0.6890417256032829,0.002818538937097545,0.01505315882725388,0.057394167405482206,0.23569240922688217,53
0.19602043677732128,0.033952096421162446,0.10311098574837967,0.038337885980468375,0.6285785950726683,54
0.0350177520174566,0.00958360689720658,0.21757102749038212,0.024801696079902402,0.7130259175150515,55
0.47077026465017485,0.005150576955278571,0.052369531665718574,0.17968031694122233,0.29202930978760544,56
0.49119321606846666,0.00019588436583844397,0.019393999095139506,0.3694738997414843,0.11974300072907061,57
0.005155314614668137,0.0531128878559048,0.04397654020200041,0.025714236357003966,0.8720410209704244,58
0.015183047153012238,0.006126115424496543,0.23069220446873953,0.03441864400747425,0.7135799889462774,59
0.8072649092874989,0.0001386087440233837,0.00496275577395811,0.07937559769463234,0.10825812849988727,60
0.4753739348305134,0.0011024461602572382,0.048961590149600456,0.07922532415173007,0.39533670470789917,61
0.39983441551833976,0.000665596591689689,0.021848353129581912,0.34707858884193554,0.23057304591845357,62
0.5399265055166047,0.0008548117784033022,0.030424207365480436,0.17170421233471553,0.25709026300479626,63
0.01124329060004272,0.035380841589117785,0.04859739659175274,0.03959712040656977,0.8651813508125167,64
0.04924727720479567,0.016967884694636115,0.09644050747304228,0.008269791741048714,0.829074538886478,65
0.5010038531755372,0.0024036655590901983,0.07798069973559704,0.28869754255454727,0.12991423897522855,66
0.7869111531099581,0.0005994737147959441,0.0038332361378022716,0.02516582829587501,0.18349030874156816,67
0.08908419546663862,0.0012749659377327854,0.22911079171387488,0.40629773431556593,0.2742323125661884,68
0.28270249876243136,0.0005344172188915937,0.09464248732499571,0.4672294813787161,0.15489111531496594,69
0.018940573437746275,0.0037352366962140693,0.11880338832933252,0.02663580740902235,0.8318849941276849,70
0.17208963923128381,0.023370566122581246,0.08368934708779947,0.05046834715746413,0.6703821004008711,71
0.897170717985231,3.566596854719634e-05,0.0009302305397633437,0.05874990355914268,0.04311348194731604,72
0.002725999374585779,0.014360831999700003,0.061521190974477925,0.023915858756968285,0.8974761188942684,73
0.26272560078016166,0.00027734385935190587,0.10311797740200118,0.2889846198888336,0.3448944580696517,74
0.01670065677563007,0.039261059924269745,0.03442414193170334,0.02135355983523254,0.8882605815331658,75
0.3789357022540006,0.04370423992013864,0.030195056548362048,0.01766482455858022,0.529500176718918,76
0.8755716711526695,0.000496172968248656,0.002807711451154499,0.011165542295832056,0.10995890213209446,77
0.2923165924721298,0.013842363051315396,0.14225764638492241,0.0433398303097659,0.5082435677818664,78
0.4384146732045123,0.0010663293897683302,0.04916992358923115,0.332338721541736,0.1790103522747518,79
0.7702883472126065,0.005070023892515065,0.01287334973562861,0.03697676512668318,0.17479151403256726,80
0.005799288266253595,0.017294958734876617,0.03489710809442692,0.03646287242013592,0.9055457724843072,81
0.006326564140654317,0.024431999408556504,0.032626881310520085,0.03601437316914283,0.9006001819711267,82
0.34832074161941506,8.047958747626502e-05,0.04224090370167282,0.44190473669664876,0.1674531383947872,83
0.018472267655891564,0.06225394178772854,0.08005209557867714,0.052766417942812796,0.7864552770348908,84
0.18660036809568856,4.608058522705955e-05,0.020853793038362795,0.6275229596385812,0.1649767986421406,85
0.14083416995888057,0.04484174320754406,0.19120973655351486,0.023004655749408572,0.600109694530653,86
0.1028785189030671,0.004803222083678075,0.07379182836655458,0.27957936690808455,0.5389470637386153,87
0.5482595237571253,0.0010638290758876862,0.0386375602633654,0.26368887445485883,0.1483502124487629,88
0.03010864412925793,0.012489331810467859,0.12891888597029746,0.02187383930515885,0.8066092987848179,89
0.7667537226960885,0.0007487311283522915,0.004931555316042185,0.029219984026528704,0.19834600683298795,90
0.03475922797888316,0.023173333331205345,0.3816305843686157,0.024692162372348277,0.535744691948948,91
0.019754762406871768,0.01415622568435175,0.22274455594951942,0.019692858247010014,0.7236515977122464,92
0.8363605525202512,0.0009913274356884618,0.0067692011082470735,0.019948356446858363,0.13593056248895577,93
0.3312030546441814,0.0010640816559383554,0.1505304144781907,0.39177853011762814,0.12542391910406112,94
0.276280919944692,0.011800435221661396,0.132564113461368,0.10845762551887665,0.4708969058534023,95
0.42015380284799886,4.659751795452773e-05,0.07832022054822922,0.27687414953741873,0.22460522954839762,96
0.40407653890130224,8.637823565888866e-05,0.039724481536582035,0.36838624401648,0.18772635730997742,97
0.006870044339617949,0.012411914908315065,0.03349983620263264,0.04049592837013438,0.9067222761793007,98
0.2959630727597912,0.03509723318504262,0.0498101611067024,0.026179321362394828,0.5929502115860686,99
0.42365438777484754,0.00043166776072392705,0.08883605889963217,0.3679922694698384,0.11908561609495794,100
0.6173015034947972,0.0006363689771895004,0.047684400332410906,0.04861030581821601,0.28576742137738836,101
0.6054324419850413,0.00089242092277585,0.018908915619441805,0.13056292739574085,0.24420329407699917,102
0.34551264464557274,0.00022842911724382185,0.05383294062991955,0.3960492931073972,0.20437669249986715,103
0.48316585591582994,1.4360955757937675e-05,0.007727666280371792,0.28001309746471914,0.2290790193833206,104
0.5214924948760584,0.0005214887724055739,0.022487666946304056,0.18061457668011777,0.27488377272511433,105
0.3261574805771985,5.263160128079374e-05,0.02715716004891081,0.4185487452057247,0.22808398256688556,106
0.3978372978374297,0.0016080880681994451,0.07703243129173144,0.2794706077792518,0.24405157502338826,107
0.061707091333273775,0.0003504889106701622,0.0860458229274475,0.49284729256582394,0.35904930426278464,108
0.9073218772512931,0.0020072414582148384,0.003014756226589317,0.0189475379139094,0.06870858714999363,109
0.4223649345355764,0.0005644351509533867,0.045498146628650926,0.24407436238615354,0.28749812129866664,110
0.320628611593525,0.0015356055993529546,0.026223073845711993,0.4175485598284007,0.23406414913300821,111
0.6134114053119704,0.00021569765749676766,0.04378239655252865,0.16195861088112423,0.18063188959687893,112
0.2591909386872077,0.0014135413970471653,0.02915844250832578,0.5562373929003648,0.153999684507054,113
0.4824633422819536,0.00931162329450698,0.014468109203475467,0.33532967514729217,0.15842725007277283,114
0.044416953955463925,0.015447680108559191,0.08369729894657012,0.02997157958131114,0.826466487408095,115
0.5462506737155126,0.00034229085000225644,0.009742112937261587,0.19735728334044023,0.24630763915678333,116
0.6254630081081118,0.0006369540688340371,0.00807066976958375,0.2320485795263568,0.133780788527113,117
0.07105948180061411,0.000757676142642207,0.1699540456965042,0.354118254206894,0.40411054215334535,118
0.21781209962662318,0.0017304684929024242,0.08735783083646637,0.5010794795024137,0.19202012154159465,119
0.2582421708689744,0.01464938297850573,0.1981951072356786,0.06830777672454892,0.4606055621922923,120
0.8394516653499398,0.000868239894362468,0.006132504816920055,0.02741417476763687,0.12613341517113963,121
0.6833385352814321,0.00437416364090871,0.03053721139225559,0.07576297105756817,0.20598711862783498,122
0.8291935915110323,0.001279961420815345,0.013958760991061168,0.04502208242531614,0.11054560365177554,123
0.0046965867532954,0.12779829254709218,0.042493685643185564,0.022164109813164082,0.802847325243264,124
0.03703989200241765,0.01650900297353964,0.03533556829751305,0.022889239162472253,0.8882262975640581,125
0.7861734658320676,4.0667683454853634e-05,0.004391626342841606,0.04637359576153214,0.1630206443801046,126
0.31814754970081915,0.006254930924851248,0.24571905530165034,0.058070661319260704,0.37180780275341835,127
0.8589231159563046,0.0011181939036375014,0.0065224151644312145,0.03235080089762594,0.10108547407800121,128
0.800320905786604,0.0019440876909562449,0.012477854961516998,0.04463551689410739,0.14062163466681538,129
0.8541592686817977,0.0009245742475474173,0.010532313857864815,0.04560805369282819,0.0887757895199632,130
0.4398973511672476,0.0001600991946652507,0.02168626177187784,0.38411320885409084,0.1541430790121177,131
0.8135334684796335,0.0013415042414400614,0.005907170946500394,0.028356850523885486,0.1508610058085409,132
0.7691650345650657,0.002932045009226444,0.026833486828209914,0.013597036094965983,0.1874723975025322,133
0.4275600053144577,0.0025360359911259767,0.04820176435461135,0.365148737879968,0.15655345645983665,134
0.4901526708961857,0.0005890509615206474,0.052521245339604575,0.16831075413793772,0.2884262786647514,135
0.27657214342364234,0.00011439080987582699,0.020856969040133982,0.4973859879312234,0.20507050879512417,136
0.3357337340130816,0.0006524247243522746,0.07930635977246356,0.2737376172735244,0.3105698642165767,137
0.002827978548869714,0.013088953690670745,0.03559237732217697,0.03354297012505893,0.9149477203132244,138
0.32050329298661295,0.0006174620803312388,0.04823539946609205,0.4683523372256553,0.1622915082413089,139
0.48976246308387783,6.491493439771018e-05,0.012415856513297673,0.25381231502415974,0.24394445044426755,140
0.5854213891484801,0.00442307372762832,0.03240131829757056,0.201556433501531,0.17619778532478902,141
0.30782141411873504,0.03846392788057921,0.05410007840225179,0.0244344861017441,0.5751800934966895,142
0.33163716933789594,6.56588942253745e-05,0.02216355584540622,0.5039931442856078,0.14214047163686347,143
0.3865505914621318,0.0016702318729072485,0.01924265793818299,0.4689825783403467,0.12355394038643125,144
0.5890823862434599,0.00025411368887379014,0.014434588651054037,0.2379281862781771,0.15830072513843446,145
0.39928908487691656,0.00025809084891641627,0.02756926213316251,0.42481550775629734,0.14806805438470694,146
0.5085533885231449,0.0027882468089813874,0.03489212112127519,0.20314782639192103,0.2506184171546768,147
0.29617887019582456,0.00030698752113665395,0.025601462979263773,0.3977141416177598,0.28019853768601566,148
0.021813323917097165,0.009285446124598515,0.11270037830883056,0.05129967660126857,0.804901175048205,149
0.14769526511141004,0.027883967820051668,0.06500773191674537,0.03750051333995572,0.7219125218118383,150
0.3390916295913497,0.002233830127042666,0.08177233393566438,0.08973009317775262,0.4871721131681915,151
0.0732856078126582,0.018219470296272664,0.25925025562025655,0.02861278517041132,0.6206318811004019,152
0.5393476262459922,4.1345307165984533e-05,0.00617373283370243,0.14508374190845172,0.3093535537046873,153
0.08142257295018797,0.020740391464939823,0.24259464847234236,0.3730409196395645,0.28220146747296565,154
0.8012950911951513,0.02930472092674165,0.0036909497987918445,0.013010814253045634,0.1526984238262698,155
0.6264448442461142,0.006495544212360605,0.029573990261334292,0.14338503297467614,0.19410058830551338,156
0.40475911706751333,0.00014037478376457995,0.016635569231916107,0.3682669980509107,0.21019794086589474,157
0.010055493719565482,0.01968594511319896,0.050368028862914235,0.043950730398217744,0.8759398019061041,158
0.39516151948807954,0.00123399914596952,0.03540450460951325,0.16973648502831415,0.3984634917281239,159
0.4806517354335004,0.0008334562590702121,0.024384184356796318,0.40576207645194595,0.08836854749868765,160
0.5230370136844266,0.0013913412145116451,0.03067693023128281,0.23479006733428368,0.21010464753549601,161
0.5058847107151767,0.00031773109709291137,0.018511089833016758,0.19188956118813424,0.28339690716657945,162
0.011960155516843764,0.014858450977101551,0.050270827182491984,0.01720189348910136,0.9057086728344612,163
0.8597991855837607,0.0014810696826514178,0.005721726864064838,0.03319819541815018,0.09979982245137266,164
0.4297439052988717,0.004922021940009144,0.017272796334654682,0.3800128904868627,0.1680483859396023,165
0.886889138588905,0.0005000861780145398,0.003967699002084241,0.03054797202843738,0.0780951042025582,166
0.6381089391278623,0.0005995075419441366,0.018088482800244318,0.14686032422993117,0.19634274630001788,167
0.6198619428069014,0.000813447239850115,0.025868433275536385,0.24216805804008382,0.11128811863762854,168
0.5313676338799415,6.300658344511525e-05,0.002049129775591211,0.26109819957494046,0.20542203018608182,169
0.6161324527056409,0.0014441940296409876,0.014832338073193032,0.19504776436239743,0.1725432508291276,170
0.016446414642279805,0.01406673912372022,0.2992538193460699,0.0312814885037926,0.6389515383841381,171
0.43293810195132165,0.0006488825479334918,0.046660201749451895,0.3607872519256954,0.1589655618255973,172
0.4018570666131776,0.0014886582664617434,0.04024351676548712,0.3349217657265221,0.22148899262835103,173
0.4030751718823132,0.0017806453777006093,0.02322659586461196,0.4031516795526209,0.16876590732275312,174
0.38865530236371615,0.0019767561136968376,0.022500875930418295,0.4108419257541111,0.17602513983805773,175
0.372628526312788,0.027203180259361043,0.06719758577329485,0.05683043891430225,0.4761402687402542,176
0.2327649095706541,0.005315336403008389,0.13501166577498472,0.3972749143055248,0.2296331739458279,177
0.488880495745712,0.0021257093472877757,0.049025923894358996,0.1428674661178652,0.3171004048947763,178
0.4612182647252466,0.0178984914093526,0.04768880153170105,0.06437246463728728,0.4088219776964126,179
0.05931389888229239,0.016164230019892444,0.08496408897095606,0.030517260944854255,0.809040521182005,180
0.010064123212530748,0.03638291182670095,0.047082146699478675,0.028153648368402433,0.8783171698928883,181
0.28304423557856045,0.016749580732125804,0.04810014437329213,0.025314501182025936,0.6267915381339952,182
0.39711481827009865,0.0049724906548583095,0.04234361917423428,0.28456027555999885,0.2710087963408089,183
0.113098061337113,0.003739376830519936,0.046973795854900496,0.20225297120381858,0.6339357947736486,184
0.40024110363121734,0.0009493905938191556,0.03761823757181133,0.38406757817588055,0.17712369002727207,185
0.5774515034528411,0.0003705337399455994,0.016103881964008155,0.27362689587069083,0.13244718497251495,186
0.016632508426676077,0.03194218458921852,0.07537118862392042,0.07361726231733562,0.8024368560428501,187
0.45662237942451095,0.0037700532584322172,0.016652678895716585,0.41693281202254806,0.10602207639879191,188
0.7593682708286142,3.1352870167805834e-06,0.0017042469494205471,0.08382157319965665,0.15510277373529194,189
0.697004850502892,2.7693551647463107e-06,0.005427247747960497,0.08663647895227486,0.21092865344170808,190
0.32290890156496743,0.0016725012213144078,0.014626142949413964,0.5050988340680888,0.15569362019621427,191
0.4794484792442306,0.0008881619511992257,0.035736357861466506,0.3315518830271731,0.15237511791592995,192
0.14323865670725933,0.000840267522563763,0.09291451869438384,0.21532177261161758,0.5476847844641751,193
0.6660652550294157,0.0010285070433167314,0.036173248780230545,0.0655526849912242,0.2311803041558141,194
0.7801798381310971,3.047437054028698e-06,0.0010691589778901933,0.05581172411376379,0.1629362313401947,195
0.5547858382332955,0.0005441910708271661,0.006996437547496938,0.09414652776644,0.34352700538194075,196
0.5444529373936479,0.0001112026398678527,0.03726373838486179,0.2522358492231865,0.16593627235843567,197
0.3858275853797136,0.00024717226789571444,0.05479287679641706,0.3738829557963407,0.18524940975963333,198
0.4675428580694293,0.00030665543533790843,0.07343017772052422,0.3311821062031302,0.12753820257157875,199
0.5393445034970387,1.3021204470509703e-05,0.020091798932240217,0.2971825298426893,0.14336814652356134,200
0.007724625310601616,0.03237673846823433,0.042121015894351674,0.02011088739936962,0.8976667329274427,201
0.4083455845618671,0.002336895672126411,0.04279493232320662,0.20046792282986753,0.34605466461293327,202
0.7146243616079576,6.964651856884608e-06,0.01283167900291889,0.12309097956249433,0.1494460151747722,203
0.62535406004835,0.002123142143979007,0.01997503887197264,0.08020163578545253,0.272346123150246,204
0.06460620746339372,0.002239464549704358,0.16880128009695877,0.3935770002351218,0.3707760476548226,205
0.5357369591600074,0.015160364448858127,0.04143188137502052,0.08100560598162838,0.3266651890344859,206
0.4543045960607317,2.8153623471538293e-06,0.051535976677005664,0.21908703735023355,0.27506957454968145,207
0.07561319353321919,0.0008752525286255748,0.18929606506678656,0.37843259116159134,0.3557828977097775,208
0.3714219814640648,0.000758669636558574,0.013793812710506656,0.42475036317862697,0.1892751730102432,209
0.37326152291421855,0.002130207150642306,0.041348218295046216,0.38631354865520523,0.19694650298488714,210
0.022921392610417167,0.0015940453770109369,0.07946220323188641,0.01067822896654749,0.8853441298141389,211
0.26331074594797904,0.01026393733329941,0.07163591602372311,0.510247708459414,0.14454169223558444,212
0.41627675626231403,0.0005576088487798126,0.034042564536447974,0.37254899479568565,0.17657407555677276,213
0.5251413208098521,0.0019289248887201726,0.009089233292684216,0.03795407336804115,0.4258864476407025,214
0.013838993357220004,0.02307944401114323,0.050025578997968875,0.039354061125253074,0.8737019225084158,215
0.4478534167892945,0.0025799455850634627,0.02511763504115977,0.14004440608806118,0.38440459649642206,216
0.7681200266625899,0.006789507089943539,0.02094919589372347,0.005007325600304685,0.19913394475343701,217
0.5307639906104952,0.001954008152968044,0.02936156935817355,0.15633585193223573,0.2815845799461275,218
0.6261561413916238,6.73564951904288e-05,0.008104755517547885,0.24131265887127815,0.12435908772436026,219
0.3817256968903541,0.0005469464120586788,0.03259672819815021,0.507046015330229,0.07808461316920812,220
0.05453734827200694,0.0006645200257827553,0.07538096449752243,0.3367232934540494,0.532693873750638,221
0.08256311326527131,0.04683521980327489,0.11952446137743275,0.013327075262022729,0.7377501302919981,222
0.3949330397511967,0.02388127109582324,0.038465809165938475,0.02498006357403105,0.5177398164130107,223
0.6098654849401286,1.4776500480436767e-05,0.0020438376865113328,0.25895218244689694,0.12912371842598183,224
0.07848078364791919,0.001139469149144122,0.27086234199461207,0.4001281291738095,0.24938927603451594,225
0.47917470269189016,0.0022189632089799132,0.05427937480620999,0.26382186561023147,0.2005050936826875,226
0.03660845697968152,0.0144303488035638,0.17648786269181524,0.02304201741343425,0.7494313141115052,227
0.010110877454854535,0.021306190703239747,0.048948211982099164,0.04338986924110149,0.8762448506187053,228
0.41894110108061466,9.216223902876927e-05,0.020390265096931752,0.3268490107504006,0.2337274608330236,229
0.05653254144322078,0.026440999654527186,0.1658751778160795,0.011311992954409978,0.7398392881317629,230
0.8957662235846119,0.0025524793910492445,0.006111764530144848,0.025067219473624815,0.07050231302057043,231
0.8067714363263305,0.00012869007332445606,0.0017273511805971497,0.07991480661043403,0.11145771580931396,232
0.022089587038642864,0.03384000122085289,0.040513007419597985,0.02633452802330517,0.8772228762976022,233
0.11988521411817563,0.0029130516732748133,0.055852943421804385,0.2596588955671001,0.5616898952196451,234
0.3456219043015489,0.0011502633109607375,0.05527865617589657,0.4178078978462837,0.18014127836530996,235
0.8003324462087534,0.003843334717927719,0.007441686184634758,0.032726144135555246,0.15565638875312898,236
0.2756577916448163,0.00012792976666018284,0.17741865617884886,0.3392091297670971,0.20758649264257664,237
0.06805473113069835,0.016727323846545947,0.10994202083030803,0.028725133288395755,0.7765507909040518,238
0.6482849846232209,0.009758401939810512,0.008017803334240478,0.23315590578906342,0.1007829043136636,239
0.6854819727340324,0.0074165642272604375,0.0498320186714418,0.019733620180923176,0.23753582418634187,240
0.8185333854371761,0.0010153523954736482,0.006712408390303028,0.041019419553701426,0.13271943422334678,241
0.2711782040876307,0.0038343484095406024,0.12952131061478736,0.4050196200912505,0.1904465167967907,242
0.6892458712071857,0.013122141846467953,0.03931591792156483,0.01875970180033517,0.23955636722444468,243
0.41437974103085856,0.0010106761810828792,0.018857864281530454,0.1683721110262152,0.3973796074803128,244
0.3974844209593416,0.0002920942007170787,0.023888532250828386,0.3206855996427394,0.2576493529463735,245
0.30223812661899335,0.0011476465416541692,0.020592421902629703,0.4872397126655588,0.1887820922711637,246
0.38886143873405227,0.007363657530619714,0.01708302133037516,0.13623847162081798,0.45045341078413553,247
0.47718832851996057,0.0005560501759143457,0.024796157204397873,0.22217005485089886,0.2752894092488291,248
0.3517639372844264,1.9277399336324993e-05,0.017676346330934227,0.45906741941203655,0.17147301957326688,249
0.628301805044448,0.010249140057549826,0.04644273971137352,0.046199779619003095,0.26880653556762735,250
0.016728388707012862,0.02988354101300364,0.06854168392610738,0.12120827641409264,0.7636381099397839,251
0.35345691347038466,0.0012145641500522887,0.022079462291985638,0.48934267036373486,0.13390638972384236,252
0.008760101180901467,0.013583353689578642,0.061337808860159306,0.056749532080717514,0.8595692041886426,253
0.3016113904546426,5.55021012539172e-05,0.02587166823876089,0.4799010967613637,0.1925603424439781,254
0.007931511256994898,0.011340807499729199,0.044802445333590506,0.0653874357098117,0.8705378001998746,255
0.4080927427300743,0.0006461180227568058,0.007356135718117647,0.2605844588795519,0.3233205446494994,256
0.3769149860847748,0.004368526293095419,0.13005123509601324,0.10805287738547087,0.38061237514064555,257
0.5533837892194992,0.0028969106917395115,0.022151788550278655,0.05696997004115335,0.3645975414973291,258
0.21880290494702614,0.015286050842510406,0.037334668760775916,0.527003106312439,0.20157326913724855,259
0.8318032477966306,0.002169035955343255,0.004940466658683447,0.03609647854175971,0.12499077104758365,260
0.6702929322140335,6.874648859431165e-05,0.0020007892436404357,0.14245621185980303,0.18518132019392985,261
0.6199473344559593,1.4018718036816327e-05,0.003944064103671404,0.2576274825735262,0.11846710014880658,262
0.5810871029566983,0.0014519854584695907,0.0028159279370559244,0.12786178334361006,0.2867832003041656,263
0.3904813323818581,0.00013668993521146692,0.015832610257331736,0.3781945161540056,0.21535485127159232,264
0.2887283509002269,0.00029472394540042563,0.0689243213504924,0.41141590694851093,0.23063669685536892,265
0.5129047024087053,0.0004867879718609991,0.03673317867621989,0.1626930711578691,0.2871822597853451,266
0.06305962296651639,0.020422346847355086,0.18536291007784608,0.07040792653118166,0.6607471935771015,267
0.023008136601075927,0.009428844598995534,0.11851647547678176,0.02495561691474383,0.8240909264084025,268
0.007874211693697683,0.01637861113876775,0.1357841981651874,0.018089664270236224,0.8218733147321099,269
0.7163021237908858,0.000794389102303831,0.028407905219408985,0.11655306672841369,0.13794251515898706,270
0.037614162564727834,0.017819180858789807,0.11752528242833571,0.007748240915837994,0.8192931332323098,271
0.34653944496957767,0.006964104603761083,0.15476658654437808,0.04446416438005453,0.44726569950222883,272
0.0758741489788185,0.0007312266992498022,0.11273279870062451,0.51180181911939,0.29886000650191674,273
0.37769160711781524,0.007033212842412005,0.10596444737574162,0.07308275872428908,0.43622797393974294,274
0.19443171325401407,0.07409460595834688,0.1304082909705614,0.057088280079728,0.5439771097373495,275
0.01907337726274478,0.0061369343607961474,0.16534732460898022,0.012713908513814556,0.7967284552536642,276
0.008229358214384176,0.05790209120769718,0.06583496067447422,0.02221388814633664,0.8458197017571074,277
0.22694959722707034,0.015739776983109417,0.1082974557124034,0.05423213930812449,0.5947810307692925,278
0.5593636653905871,0.001203701900654552,0.009991555219431155,0.04479480362625844,0.38464627386306904,279
0.09822935570724114,0.011168556695106616,0.06493047754501775,0.08979686868106802,0.735874741371566,280
0.3777966639249781,4.014086503032708e-06,0.02160496989858858,0.28619267219163447,0.31440167989829604,281
0.32234437375954256,0.0001766535430306544,0.03888989981046092,0.46723127030864653,0.17135780257831973,282
0.02350026334736973,0.009723105598956177,0.06106386761443789,0.02528832940686331,0.8804244340323735,283
0.8268300016848017,0.0009876277446262426,0.0046680796713736514,0.04885603282091055,0.11865825807828836,284
0.40904924892595845,0.0037966367935366135,0.034868728326855766,0.3952034842050374,0.1570819017486121,285
0.35318710629189154,0.0003149135626998042,0.015575778883877454,0.49187417401229344,0.13904802724923787,286
0.02564190871556717,0.012954509797171769,0.07406856235761115,0.006184684485183726,0.881150334644466,287
0.015104358354142837,0.02178479166064114,0.051036032978788774,0.03547603540292143,0.8765987816035066,288
0.5037108298663711,0.011320864269576555,0.06891600180291729,0.27297206820890046,0.14308023585223442,289
0.37013502393618297,0.0027755758557795043,0.04396316256114628,0.38385796931750504,0.19926826832938713,290
0.5986372229415997,0.007772175276527069,0.04890658639730758,0.011915543022513238,0.3327684723620516,291
0.8635027587878341,0.0025459466909611554,0.007124514077376815,0.021895169267822846,0.10493161117600519,292
0.8332401287388573,0.002765762465396247,0.03262443565307806,0.023265697687068154,0.10810397545560002,293
0.14359927828214822,0.011016618200557184,0.13828290835436371,0.16013674396512606,0.5469644511978049,294
0.34237681560480393,0.00037650385214888036,0.02198416971855415,0.4344429035994992,0.20081960722499462,295
0.08436517521130141,0.015049759615469581,0.08187366667670277,0.026115089357768545,0.7925963091387584,296
0.48750366095432623,0.0006236795323934104,0.024354492363644176,0.3675344901395114,0.11998367701012452,297
0.09158609337752965,0.04461805653115115,0.3132174193135797,0.12194046855982968,0.42863796221790973,298
0.5612908343541824,1.270451362363127e-06,0.03233290783945629,0.24553061921890273,0.16084436813609573,299
0.3613338294767884,0.005680553514554745,0.05763386043931677,0.29130303401323954,0.2840487225561007,300
0.38857289753226654,0.00022859793458156452,0.012949608615111055,0.3901567430497223,0.20809215286831784,301
0.8079640213954455,0.0012122629459829007,0.011381786725289653,0.031147036358829584,0.14829489257445178,302
0.8557190835248687,0.0008906389586290693,0.005274128130143739,0.0393193325766381,0.09879681680972026,303
0.5287274655484469,7.110850176662781e-05,0.022093170464964618,0.2796121188533406,0.16949613663148086,304
0.060617184082282706,0.03784194315282135,0.3623442045533872,0.11558154847339748,0.42361511973811156,305
0.2070946205745497,0.0029820078595367114,0.13447091874503952,0.4727005876239876,0.1827518651968868,306
0.7564629953098503,0.0013186042655718116,0.011615906054718196,0.0822758566273673,0.1483266377424922,307
0.4970359853750861,0.0005357865007669033,0.034164747741001866,0.19274393738398848,0.27551954299915676,308
0.606904740632585,0.00013266658663796786,0.0030469594919256588,0.1961204119923269,0.1937952212965237,309
0.11424426690823898,0.05612590092005356,0.03701349723640786,0.044243200367359646,0.7483731345679411,310
0.42469742815736333,0.0008042795212055541,0.05346143555389025,0.2765910821009546,0.24444577466658649,311
0.8493483097515325,0.0013112790210624383,0.027610336163113147,0.015167317291839922,0.10656275777245139,312
0.041247759608701494,0.01070162011881174,0.10391274041947854,0.02378908729687804,0.8203487925561291,313
0.5109778920298825,1.0666091207974105e-05,0.05852347384884309,0.3070258430321853,0.12346212499788178,314
0.042584525511538365,0.04427281284706431,0.06787709662938592,0.0682322308562516,0.7770333341557585,315
0.3373925949908826,5.814455056905661e-05,0.025041755228322228,0.47260761485466574,0.16489989037555972,316
0.30766915456627675,0.001971525953596589,0.024151432009636948,0.5087299415413573,0.15747794592913164,317
0.6693881815719777,0.0007383760942861222,0.03378821078470928,0.04616023236809296,0.24992499918093386,318
0.013217290320282927,0.032646887931647973,0.04519786274636925,0.04687198712310329,0.8620659718785973,319
0.32510616663552533,0.0029530179397748955,0.014919084462392505,0.2964407368451756,0.36058099411713174,320
0.4419084559122092,0.002603495386981807,0.04768986696486371,0.18747512528030796,0.32032305645563747,321
0.002823631405476234,0.022128889319172295,0.03148608933402299,0.04465198656977184,0.8989094033715571,322
0.004308484232836087,0.009357256638590548,0.04189384044003082,0.0015195254173294205,0.9429208932712144,323
0.689155555338687,0.015458269821470541,0.06827570790961127,0.03084274922589815,0.19626771770433354,324
0.7584205902374118,0.000946241352059357,0.00725406658444547,0.038492790869330246,0.1948863109567519,325
0.8387405638635547,0.0008790897758933599,0.006545489956909103,0.05308724665093088,0.10074760975271121,326
0.6225694771314182,0.00045122962550774,0.013920935602404823,0.1341901260534328,0.2288682315872355,327
0.5248413317867284,0.0025179505887494747,0.028688469658933256,0.26631167350649565,0.17764057445909323,328
0.6532921612112088,0.0020685937663884615,0.010373134618643599,0.1922452752186868,0.14202083518507203,329
0.08605156935364462,0.006585197689937796,0.08005239302547819,0.22309476207416143,0.6042160778567782,330
0.29342258851593456,0.00021704907409044908,0.05571624930026114,0.47900497312425205,0.17163913998546199,331
0.03294037983716657,0.007873677667022953,0.1806581660193047,0.01603369809207791,0.7624940783844275,332
0.8324910278687999,0.0010580140305029284,0.011947114421784769,0.033649313778984453,0.12085452989992754,333
0.5896981310683149,0.00033347491494445164,0.009247977089486794,0.04050282379476291,0.3602175931324912,334
0.055906181064503714,0.04988187944021887,0.17956388853433553,0.09141362419062136,0.6232344267703208,335
0.7264984548804946,0.0004322852848379542,0.012450048772050254,0.0354635066416055,0.22515570442101204,336
0.024297300210368564,0.004095300669744984,0.4301735673697733,0.01773812218639457,0.5236957095637189,337
0.4709452652608247,0.0014686105117135894,0.009958255786365831,0.1839903900582065,0.3336374783828894,338
0.050419569069480065,0.008881017212421396,0.09896127448846853,0.0402535209490703,0.8014846182805605,339
0.5545442952137033,3.570418152071461e-05,0.017719590445093487,0.28480887575909686,0.14289153440058558,340
0.27349733071120597,0.01251628204818872,0.13928090289892237,0.07996867950186638,0.49473680483981675,341
0.7320470577509878,0.0013514428343355865,0.009427906552149807,0.03455115014738392,0.2226224427151433,342
0.06500959198815613,0.026983413726857426,0.3811445359915385,0.14631829115037157,0.38054416714307576,343
0.5940086499928119,0.0010512708588290027,0.02796378784542549,0.18140804735213525,0.19556824395079747,344
0.5503175228905688,0.0014603334200468782,0.022795822749896593,0.15947194051444288,0.2659543804250457,345
0.3897940168242438,0.0053243618131777505,0.07009624426460125,0.2659974057384559,0.2687879713595209,346
0.2008946857799329,3.370726654963306e-05,0.028863005832180818,0.6123716309007955,0.15783697022054127,347
0.17838937085552464,0.06440986307806008,0.05892531982456679,0.06332951950252809,0.6349459267393206,348
0.17831020582713425,0.0016686256843021904,0.07612356893909424,0.6070751768677413,0.13682242268172853,349
0.34639396780629494,0.0019864081780337182,0.06088113203674342,0.38376262063166194,0.20697587134726605,350
0.6517928094126341,2.193038188331065e-05,0.009464324830712167,0.08908026654740409,0.2496406688273667,351
0.006931607889329216,0.018420533323642407,0.03214005037107303,0.06174027968134274,0.8807675287346132,352
0.31237030655377923,0.0024599673207010993,0.022681249603503865,0.536088782945085,0.12639969357693093,353
0.8448649267150431,0.000841082134891235,0.006459291263832883,0.028427558417569988,0.11940714146866108,354
0.45907442637742835,0.0014665429297769275,0.08594459993869139,0.25816988949183317,0.1953445412622694,355
0.05557023323969742,0.09785097206491124,0.2106375894544027,0.016993846784251625,0.6189473584567365,356
0.47249860423214346,0.001026792974139616,0.024063311155400474,0.0482243788851824,0.4541869127531346,357
0.6098571388114843,0.0004160569689939023,0.01558315678478591,0.02830977084760801,0.3458338765871274,358
0.2688021589026692,0.07391012137892246,0.07188261332180995,0.05739797781735802,0.5280071285792406,359
0.6105139091616825,0.00033002028531984993,0.023661865069913458,0.061820570693015754,0.3036736347900678,360
0.8156854401988922,0.008589082092268833,0.014492895651700536,0.03104700974691169,0.1301855723102263,361
0.10836690142224457,0.001736929219628309,0.09599905147280087,0.4401129572635591,0.35378416062176693,362
0.3260284562577457,2.206469894512591e-05,0.047939837380173496,0.473110622412372,0.1528990192507645,363
0.6916627391465273,0.007598119044583205,0.01567536872391041,0.07196026679360468,0.21310350629137453,364
0.6262527089803259,0.0005382743458152214,0.02027891142221468,0.09918609708172485,0.2537440081699185,365
0.015588759120059116,0.005661738087884842,0.6661406310645497,0.023568957546789494,0.2890399141807157,366
0.6580229559141034,0.0027099009002554135,0.003427361587627446,0.03545728122185716,0.300382500376156,367
0.08210692392269987,0.004847507976052732,0.37028329843857855,0.12079962690186767,0.42196264276080137,368
0.030712480651540683,0.02490752562332018,0.2546999184843779,0.012073465087884237,0.6776066101528774,369
0.5666448005305755,0.0005531258103083846,0.01680340949284602,0.05015823820735885,0.3658404259589118,370
0.603286445127237,0.00020568062728958008,0.0051018879874621306,0.23007837642662957,0.16132760983138097,371
0.5629493606870084,0.0008107977125701059,0.014088400821873171,0.10966633921109092,0.3124851015674574,372
0.9002293458066147,0.000683736437148026,0.008387514866883777,0.037237573714025404,0.053461829175328296,373
0.18842000393835528,0.00018942912569945957,0.04197626271919949,0.5817562505227262,0.18765805369401914,374
0.005905021493646953,0.007931431233676274,0.09673553880036753,0.04195708304539868,0.8474709254269109,375
0.23781202913921887,0.0022379553272336692,0.11464640797343884,0.4934573518767822,0.15184625568332605,376
0.5405715265213323,0.00012196941997760803,0.030029212350399525,0.27047164049552175,0.1588056512127698,377
0.5587483777312537,0.0009073374878009082,0.040346971200500056,0.26921070721347945,0.1307866063669658,378
0.48140381694040435,0.0012998240843032764,0.01344841050574692,0.2956707291781271,0.20817721929141905,379
0.30583206151289083,0.11502212576774383,0.053401422717020516,0.058193180452100604,0.4675512095502437,380
0.7070371921560509,0.011172707095379675,0.046476674082525454,0.041234586134857934,0.19407884053118543,381
0.02931361129633603,0.032137184473453796,0.07602273292324659,0.0026251258033714734,0.8599013455035922,382
