Adoption,Died,Euthanasia,Return_to_owner,Transfer,id
0.21012139325857934,0.0010093969434118134,0.05884244782351132,0.1686459510539156,0.5613808109205817,1
0.5220448573523216,5.611672278338946e-06,0.03024236242775194,0.32461432758764647,0.12309284096000175,2
0.5536896465392188,0.0009090909090909091,0.018739433089371295,0.17122273248980327,0.25543909697251577,3
0.11953029997243331,0.005273684648684649,0.04473794368068138,0.26555143493358646,0.5649066367646143,4
0.3555876309715337,8.006535947712417e-05,0.022454613562742205,0.371873463866177,0.2500042262400705,5
0.3269340222006051,0.0005166089185076526,0.06756425234106728,0.45538868011064465,0.14959643642917567,6
0.298158415971862,0.0016363636363636363,0.10394318558346806,0.37633172259080455,0.21993031221750214,7
0.6775720260819114,0.0013744098028283783,0.018463511061054212,0.08044110613894101,0.22214894691526513,8
0.7712009279953882,0.0006306116722783389,0.0032193252068781486,0.11937382440807488,0.10557531071737987,9
0.6344918121613516,0.0041300857606287695,0.004629440798356,0.18479582512179304,0.17195283615787038,10
0.6602106256667909,9.108346864672563e-05,0.007377925015226199,0.1597423789952594,0.1725779868540765,11
0.10844735280129815,0.0022123732459409656,0.10337132253836206,0.2607348979056321,0.5252340535087664,12
0.7258975665080254,0.00012120075046904314,0.0041395930250377674,0.07279708313658156,0.197044556579886,13
0.5455562142968156,0.0006834643242410232,0.010300802143184757,0.05019545228089435,0.39326406695486427,14
0.7156718581445706,0.0019090909090909091,0.01105437124550208,0.18659354511993453,0.08477113458090171,15
0.5901302055989042,0.001183277027027027,0.003995809825002861,0.1519024690009739,0.25278823854809196,16
0.369397247229559,0.001012076517906303,0.05543148679356202,0.45717966211295774,0.1169795273460149,17
0.39835992264397113,0.0021489800154183714,0.012358840396337539,0.4259716413970785,0.16116061554719466,18
0.3922997348204177,0.00465028773448763,0.04473879025590602,0.26105519218420886,0.29725599500497973,19
0.026343130733512465,0.03158654696626135,0.30983753312466983,0.02704325368746087,0.6051895354880953,20
0.39602578031128355,0.0023624688666309067,0.04203172219669166,0.16878237190860143,0.39079765671679284,21
0.0007579861296927245,0.008639541392456238,0.046130841488824695,0.0364577513045207,0.9080138796845055,22
0.6496279262051984,2.8901734104046242e-05,0.00975834521391534,0.17663582040250836,0.1639490064442737,23
0.01598013691027433,0.0018889810601212733,0.02630324141662957,0.029489210110338143,0.9263384305026365,24
0.4708013253118694,6.375120716205988e-05,0.02502550179135145,0.3183678113495011,0.18574161034011635,25
0.38507793319353595,0.02006584679094906,0.1657898057764409,0.04784451090033873,0.38122190333873535,26
0.87310603539687,0.017124546111766923,0.008172843098588164,0.017087225868343128,0.08450934952443195,27
0.11042402872528377,0.008903442147545921,0.09767380545945512,0.06623913860727171,0.7167595850604437,28
0.47953095350467145,0.0004315162853582563,0.08451278270271838,0.2778181488039493,0.15770659870330284,29
0.45441566839077074,6.059953087985797e-05,0.04959840951635704,0.37458033016908665,0.12134499239290542,30
0.39040242421141585,0.006275883838383839,0.07174251089932956,0.07477022485635448,0.45680895619451656,31
0.6786942201908975,0.0027951793576793576,0.026480153669695063,0.11462759675174411,0.17740285002998385,32
0.34706994760663235,0.0032979604208052482,0.1613272971142353,0.055363372222892365,0.4329414226354348,33
0.6916754687694656,0.002522052819328115,0.017577029866492993,0.08470827093702805,0.20351717760768473,34
0.2950336110052142,0.038313475962029137,0.0731108013412495,0.055584452975921364,0.5379576587155858,35
0.6230572666944801,0.0008554076300211916,0.026800479478748127,0.19625516231909265,0.1530316838776573,36
0.3223787769530739,0.007014353794334108,0.17520715088498776,0.08433920085740153,0.4110605175102029,37
0.7709365943536451,4.6900900742871676e-05,0.0013469395312236138,0.09642120397540824,0.13124836123898018,38
0.363205184620121,0.005395727581696652,0.016685117479751998,0.44158533538917877,0.1731286349292514,39
0.5107922011357472,0.00404532967032967,0.01835686298722584,0.06046037090732722,0.40634523529936994,40
0.1064827223817812,0.0,0.05294271332426601,0.30638169020242356,0.534192874091529,41
0.005126163287600418,0.01020991535133906,0.03304157106838283,0.0247637451279612,0.926858605164716,42
0.4321329553279204,0.00023547439585717086,0.0559153422582996,0.08947638787155567,0.422239840146367,43
0.019989225132297422,0.016646477083859683,0.0718089156341173,0.00024604638650294964,0.8913093357632228,44
0.3101519025837267,0.00011904761904761905,0.1409203346229204,0.06200642361797782,0.48680229155632737,45
0.6587784317293081,0.0006960878627545295,0.03161391073510683,0.043102168831989085,0.2658094008408413,46
0.49534173908319523,0.0021649393824581613,0.06711643317278994,0.11700814181335367,0.31836874654820313,47
0.44407827483703344,0.0005007907115860456,0.044718352937660584,0.317466160118067,0.19323642139565306,48
0.3365895048865756,0.0012899781404167717,0.06417444497299496,0.4229545972707679,0.17499147472924473,49
0.1545744219750493,0.00045454545454545455,0.045622517210624505,0.28277292097974693,0.5165755943800334,50
0.4641544461459125,0.08399055233958079,0.05246703420459333,0.021764555293922024,0.3776234120159915,51
0.38845942428491553,0.0010298316153180634,0.04568040412767426,0.396421837422218,0.16840850254987427,52
0.7450581705232715,0.0013976979649119108,0.009369617534632418,0.040990662083444665,0.2031838518937391,53
0.2621116552123489,0.04086873566305178,0.04541078866266404,0.03183324815816264,0.6197755723037724,54
0.03236118183341841,0.010120986744899627,0.22673823733529652,0.032259653723523435,0.6985199403628619,55
0.515733311455697,0.007085046388016136,0.04928095535043967,0.14073072348084734,0.28716996332499983,56
0.5019480635228188,0.0010666666666666667,0.027807145458209025,0.32921567543974134,0.13996244891256424,57
0.0025,0.011468022711591476,0.061343082972305556,0.024902665954479902,0.8997862283616229,58
0.005557314514587536,0.0031682092778909936,0.22232001766836074,0.03072465026330597,0.7382298082758547,59
0.8245150432184032,2.477700693756194e-05,0.012849952201009403,0.07411215972003092,0.08849806785361855,60
0.5084421920862988,0.0033770396270396273,0.05311346406843362,0.05125700220726531,0.3838103020109628,61
0.4084433928751088,7.636469221835076e-05,0.025473701092440352,0.35131666437424913,0.21468987696598352,62
0.5236263573567032,0.0007142857142857143,0.02111680375309287,0.182141174226916,0.27240137894900274,63
0.017164100621984587,0.02226064028628721,0.04077802428841287,0.04666416546662409,0.8731330693366911,64
0.04574057960587872,0.017347269582314688,0.07891043367518043,0.0064851057992852115,0.8515166113373407,65
0.555581290923175,0.001464160839160839,0.0745699512302798,0.25295872720134566,0.11542586980603918,66
0.8367481981157185,0.0005214690551179899,0.010640420133464912,0.02254956608330242,0.12954034661239647,67
0.09720621568196544,0.001932234432234432,0.23117203906911182,0.3943623766441434,0.2753271341725452,68
0.35673761107552315,0.0,0.11471454965596871,0.38825499010483727,0.14029284916367124,69
0.007169182366352137,0.005245101056605937,0.11413501242831689,0.026050731902292217,0.8473999722464327,70
0.10541395886535204,0.01929581213756406,0.06622138203774357,0.04918400077846502,0.7598848461808753,71
0.881976098994195,0.00015625,0.0043513753883795804,0.04113682603336813,0.07237944958405708,72
0.0011426015143081092,0.005284703620945114,0.04184049413181659,0.014368339234634288,0.937363861498296,73
0.2818114194090141,9.475616877078024e-05,0.12059336904381932,0.3300034522123255,0.2674970031660706,74
0.01609696184959665,0.030572539592996714,0.04027267824572733,0.01600040824069502,0.8970574120709844,75
0.388087350285246,0.06417274842062293,0.0770423438645774,0.013551870565757575,0.4571456868637964,76
0.8801127309845974,4.765652689835644e-05,0.010236697995331613,0.010097897619549495,0.09950501687362345,77
0.2853867403570526,0.0003638655240953546,0.19204204065171587,0.050568372241669615,0.4716389812254666,78
0.4372194071472036,0.002461165098613371,0.04133707692651542,0.36602291810036675,0.15295943272730098,79
0.7525963724807404,0.011420693552311043,0.013847386647212766,0.036151722223268054,0.18598382509646758,80
0.018313680262293127,0.011278385766567327,0.035193163206153406,0.03513624896252706,0.9000785218024587,81
0.004576286163997414,0.0057650486511407585,0.031603422196029525,0.023915238298001542,0.9341400046908306,82
0.4458271863657802,3.2258064516129034e-05,0.06090594602704434,0.24969100067588182,0.2435436088667777,83
0.02721720764567985,0.01871988237423861,0.0792682437090895,0.0396967769007724,0.8350978893702197,84
0.2758507532495829,0.0005149407183268231,0.03984756474202031,0.5150435092118191,0.16874323207825126,85
0.14321733108392531,0.04652679011142232,0.21897597767042457,0.01915943821837968,0.572120462915848,86
0.07981470288926577,0.0027980845771144276,0.10989817635911436,0.31466061576566223,0.49282842040884334,87
0.4854477820475387,0.0006997945131960234,0.032208466019302724,0.2932462248877184,0.18839773253224407,88
0.021406192640535667,0.011398951962180366,0.14690916729222153,0.01756526476346957,0.8027204233415931,89
0.7488165357791235,0.0002117924528301887,0.011100719171805044,0.028890616079358344,0.2109803365168827,90
0.04505508231995375,0.01657819911392993,0.30531665244685635,0.030227235681578958,0.6028228304376813,91
0.021531906695593062,0.013222430426708192,0.24906616747659033,0.01809494287701292,0.6980845525240954,92
0.8328446858744307,0.004327822582295935,0.00641082273967831,0.020765228058640187,0.13565144074495472,93
0.28112163330581447,0.000515898852648455,0.12449922198199861,0.46214788932160444,0.131715356537934,94
0.291414887915988,0.014024544175183253,0.11607650034785344,0.09175945175652156,0.48672461580445414,95
0.3455074016793736,0.0,0.058637386197008166,0.3439365462419592,0.2519186658816593,96
0.32019742479514535,0.006314927619632145,0.05348767470172491,0.4941687214601621,0.12583125142333546,97
0.013872694315872397,0.007291696352844422,0.019523885420719204,0.052955046409041896,0.906356677501522,98
0.25264834838573547,0.024724845032221488,0.04063842823981925,0.025660755257816494,0.6563276230844071,99
0.3695719419547712,0.001783958247493476,0.07151559974896134,0.43000114485766905,0.12712735519110516,100
0.6841808284684245,0.001587300338056195,0.018772061534246345,0.0489679275256779,0.2464918821335952,101
0.5286302500422034,0.01627013656418708,0.033537910736226514,0.13726069349635472,0.28430100916102824,102
0.339461832682096,0.0,0.07192747687847689,0.3725803153344035,0.21603037510502396,103
0.4598964615887624,2.4509803921568626e-05,0.009025538954769985,0.283479906079171,0.24757358357337506,104
0.509721123340596,0.0021920125219411315,0.03693018504333698,0.18189834175724048,0.26925833733688526,105
0.37458753213488416,2.477700693756194e-05,0.04091514940728886,0.38019719947921493,0.2042753419716744,106
0.4027547245061031,0.0,0.08155432075383492,0.31979372820467317,0.19589722653538877,107
0.06982098358362127,0.0,0.117934325803144,0.4845180745305752,0.3277266160826592,108
0.8354808791281934,0.006641042731536989,0.0003846153846153846,0.027161749906900713,0.13033171284875306,109
0.4097678893543245,0.002523482380811371,0.01783469899371926,0.24295597195240068,0.3269179573187441,110
0.35483316920507824,0.00046313523979815853,0.027523091976811083,0.44175795802733075,0.1754226455509819,111
0.49691912246352266,0.00035209505941213257,0.052263753667291,0.262271788313122,0.18819324049665184,112
0.4157306209841006,0.0026582890635404614,0.049777192726699296,0.4148642951111289,0.11696960211453057,113
0.4046406693675432,0.019901298597654236,0.019404242176621733,0.42980613470718265,0.12624765515099814,114
0.03197496189921853,0.025069012705004005,0.09018724578033455,0.037183604806054066,0.8155851748093889,115
0.5019924665803385,0.0,0.015494096664080805,0.18370641730915108,0.29880701944642973,116
0.698144402743686,0.0008389450056116722,0.003388832442385612,0.18462717723031832,0.11300064257799793,117
0.07055810839518956,0.002,0.137285342719917,0.39460997818677496,0.39554657069811866,118
0.19762875179980138,0.000136986301369863,0.09419690247978635,0.5497306584648457,0.15830670095419624,119
0.3250986492533987,0.0020367494824016564,0.1295940786453307,0.059451218799786314,0.48381930381908267,120
0.7991033826493971,0.0006620165869465697,0.014465207623130909,0.03272919115016064,0.15304020199036508,121
0.7238863543815764,0.00259454271514374,0.011125026351382326,0.07908308921384594,0.1833109873380515,122
0.810092378944915,0.001296396342878151,0.007659052923130987,0.053652909117065606,0.12729926267200997,123
0.0016666666666666666,0.06946954848755854,0.041802397483053165,0.017636189042439042,0.8694251983202825,124
0.01788676009070746,0.007595637939678187,0.04958272958179574,0.02398280846314734,0.9009520639246713,125
0.7806404897230792,0.0,0.0064898015501108275,0.05177513772495526,0.1610945710018545,126
0.29785921289201905,0.004695527631587802,0.2590069612858522,0.04071824013398514,0.3977200580565558,127
0.8449719142939844,0.01005835771087701,0.007565456429438145,0.020686097766960853,0.11671817379873942,128
0.8036084980295545,0.0024833041792565835,0.003552040929150844,0.05884848756561773,0.13150766929642052,129
0.8290011919050443,6.130790190735695e-05,0.01698783669253229,0.044011148167620924,0.10993851533289505,130
0.44151795629656193,0.00033284756630719904,0.03477664786142402,0.3961717531929261,0.1272007950827803,131
0.7889778426477905,0.0010405551077690535,0.009478825663042414,0.03760867129287877,0.16289410528851875,132
0.7612498460646137,0.0031819131161236426,0.03664921350241728,0.02134835252320098,0.17757067479364477,133
0.4677886926443777,0.0033944203944203943,0.04016144363998397,0.3512777449989677,0.13737769832225014,134
0.49011783155230687,0.0008335811260344205,0.0660290785874465,0.1683081515261352,0.27471135720807704,135
0.32883012774313625,0.0015824432576769026,0.019514227976365386,0.39710362772732294,0.25296957329549863,136
0.43470627278921553,0.00038098693759071117,0.06784726352593648,0.1814058496839715,0.31565962706328593,137
0.004890819618370831,0.007500653076126142,0.04204302777859884,0.01948319378427145,0.9260823057426326,138
0.24927318598777834,0.0004369369369369369,0.07165222537792129,0.5042565094709323,0.17438114222643084,139
0.4820629711053987,5.128205128205128e-05,0.019207610097273942,0.2697479759540997,0.22893016079194572,140
0.6216098205745019,0.006466450216450217,0.03093106285099285,0.15829283022202073,0.1826998361360345,141
0.3381852772219414,0.0695763771265771,0.05290117583464699,0.024974389359071873,0.5143627804577626,142
0.3731414277718026,1.973060521705341e-05,0.03972106076451236,0.4437831491912042,0.1433346316672637,143
0.40224909639970563,0.0018168387164987049,0.02975628445530387,0.4508229338996784,0.11535484652881331,144
0.6117571897353834,0.0005858768924869743,0.016282768343882554,0.18045995893799374,0.19091420609025322,145
0.3711999962416613,0.0009619195371456539,0.029802107859927852,0.4281089489651386,0.16992702739612642,146
0.5079395803367214,0.0012156593406593408,0.03321261658456329,0.21346176665526065,0.24417037708279543,147
0.2528519397232699,0.00021011736812008228,0.03615880790007715,0.49289555983348365,0.21788357517504942,148
0.015198189195343931,0.0039825576561703605,0.12768725533171213,0.034322711914389514,0.8188092859023842,149
0.1919343045597458,0.0770042413206305,0.05765058322592624,0.03654990681937114,0.6368609640743262,150
0.3031815858820513,0.007766188831586532,0.11540063955767677,0.08236800192191673,0.49128358380676873,151
0.07842962581844558,0.022354002109009348,0.22695487957492233,0.03038647186533923,0.6418750206322834,152
0.5630160398197703,0.0006203844146143383,0.008026787135852628,0.12211075895268932,0.3062260296770735,153
0.1084147014008362,0.022352296080454925,0.15755142385665719,0.4131188786591261,0.29856270000292573,154
0.8082992736267606,0.021318736228759606,0.0023757571104586262,0.01041043277722661,0.1575958002567942,155
0.611819768848237,0.005387688156070509,0.03731706786213761,0.14586183918329867,0.1996136359502561,156
0.39772329606247864,0.0002878191696101459,0.044548637774856736,0.38110090250847783,0.17633934448457658,157
0.004680038768494541,0.010583154573017657,0.04321172364763237,0.04649314897370248,0.8950319340371533,158
0.3168425465526868,0.002523482380811371,0.01586529294788211,0.20625693212213292,0.4585117459964873,159
0.42030675539496365,0.0010937639896141105,0.016129667133414457,0.42206152961849114,0.14040828386351648,160
0.5254293081745166,0.002440087145969499,0.0466341234566746,0.264989451032185,0.16050703019065438,161
0.5059814544754409,0.003498759890132415,0.014171431090260119,0.24489071233700638,0.23145764220716025,162
0.0036980519480519477,0.030500603079091443,0.030338900763319365,0.010011889918866663,0.9254505542906702,163
0.8266359317143518,0.0012736136109370172,0.008890648586195298,0.029938841525863756,0.13326096456265224,164
0.373130642667012,0.010505952380952381,0.03384690213463396,0.42137901859558824,0.16113748422181357,165
0.8664261770765398,0.003202850191310879,0.003656166476693449,0.0216253905335069,0.1050894157219486,166
0.5448468366890955,0.0025253623188405796,0.022625334132816817,0.22648648908240632,0.20351597777684075,167
0.6603149995845297,2.67379679144385e-05,0.0177482441917816,0.22843859557787938,0.09347142267789472,168
0.4899335621792279,0.0008642878034513016,0.005379133319741909,0.2664197505445889,0.23740326615299012,169
0.6115148791070452,0.000588235294117647,0.026532727927775328,0.19631569501386892,0.16504846265719317,170
0.019973835353989625,0.023608392728358785,0.3471396989487098,0.013616610025853893,0.5956614629430879,171
0.5281760321725991,0.003176802871924823,0.02769308251363243,0.26774164102652803,0.1732124414153155,172
0.45377168524533673,0.002571308130839582,0.022938563191008798,0.31694435715563024,0.2037740862771846,173
0.3946384153651229,0.004274455802794359,0.06483445543672474,0.34671421276387343,0.18953846063148472,174
0.42342220623802646,0.00043036529680365293,0.018698901382985883,0.37902290092141777,0.1784256261607662,175
0.31643727094687724,0.05420683455704057,0.09077384554076946,0.03292632447932592,0.505655724475987,176
0.19824945436706062,0.010890767570133958,0.10115849386251562,0.4457413298499334,0.24395995435035675,177
0.47665493865489167,0.00174664817383264,0.06835374158981924,0.1294212664331449,0.3238234051483115,178
0.41894088980182237,0.016974748692206654,0.03490932591677168,0.06665401920120373,0.46252101638799553,179
0.04518657436280777,0.005395988222719722,0.13957715631683473,0.040631022651183936,0.7692092584464538,180
0.018087149795033758,0.013999131244879129,0.046501609089824564,0.03192002765998628,0.8894920822102761,181
0.27003952948655063,0.014974542381597305,0.08088978260052652,0.03732396573478793,0.5967721797965376,182
0.4653928663876091,0.006737821802610534,0.030611001295965536,0.28600423808710534,0.2112540724267096,183
0.0737196123460529,0.0014583333333333332,0.08618393076058335,0.21402389546962045,0.6246142280904098,184
0.3944185919039406,0.0,0.05328370600188339,0.4079079473624974,0.14438975473167875,185
0.5139066308418484,0.0018544710680062967,0.010415481369367851,0.305553673888999,0.16826974283177878,186
0.024264484062449177,0.022284349674882603,0.057850587369431626,0.08211112806544342,0.8134894508277932,187
0.4390314616901212,0.004912837917428878,0.02281452306263362,0.4248632042809769,0.10837797304883949,188
0.7257175526038623,0.0,0.001151315789473684,0.1243310478239549,0.1488000837827095,189
0.6951933796759977,0.0012771739130434784,0.01190890658501325,0.07650414961472887,0.21511639021121656,190
0.31796854051495327,0.0031698451965081155,0.02722948621815656,0.4854583197495941,0.166173808320788,191
0.485131698361301,0.0017392279100802118,0.03746731067719072,0.34391582901868156,0.13174593403274668,192
0.13466870822498156,0.0007142857142857143,0.086522279187561,0.23345548680645198,0.5446392400667196,193
0.6130322977470474,0.0,0.022407164286143862,0.07190381902333344,0.2926567189434752,194
0.7102469424515779,5.611672278338946e-06,0.0007680160780935974,0.06672185446696564,0.22225757533108442,195
0.6931567422610605,0.00010077037731604395,0.010406505162513357,0.054834898294944506,0.24150108390416553,196
0.5790190288164858,0.0009090909090909091,0.025195780647854674,0.2279944128152781,0.16688168681129045,197
0.3912591937531812,0.0,0.05089925386957219,0.28283733432268643,0.2750042180545607,198
0.43737153457411543,0.0010061804697156984,0.03150578692328263,0.4001074468709712,0.13000905116191486,199
0.4404362227704528,2.8901734104046242e-05,0.02614437035628852,0.2864169665994474,0.24697353853970758,200
0.0008855098389982111,0.003853147853582002,0.026565901549522306,0.008647500448201543,0.9600479403096959,201
0.43349083168304875,0.003342568763778196,0.056656925542339275,0.18359218157317994,0.32291749243765433,202
0.6207431685898113,0.00010979398250387796,0.013146616068741885,0.14845584799475556,0.21754457336418703,203
0.6241923574228516,0.0033990070387129212,0.03387089177162706,0.07411841873638556,0.2644193250304229,204
0.09574517850158117,0.00014734561213434455,0.18131597604981764,0.39330437091853376,0.32948712891793314,205
0.49956554578789225,0.013892026357483479,0.03125204693836905,0.10819056658150521,0.3470998143347498,206
0.41142037809711335,7.796849629926407e-05,0.04062111358172897,0.21652354958091924,0.33135699024393955,207
0.05733104093866372,0.004919035642719854,0.19725018341451878,0.3736414030577733,0.36685833694632436,208
0.41211828476475176,0.0012030812324929975,0.017899670379627492,0.4279917971854128,0.140787166437715,209
0.37764960005728654,0.0037332887700534754,0.043051797866218766,0.3709611382084703,0.20460417509797085,210
0.03278973441475863,0.009342656067567345,0.06820953774100082,0.006948323778384313,0.8827097479982888,211
0.3250029188354766,0.0075084667066071045,0.057116266097882534,0.469263630831909,0.14110871752812482,212
0.4822260376449394,0.0001984160522580232,0.06250763595141846,0.2803681747398648,0.17469973561151922,213
0.5344121809109094,0.001,0.020194470361923192,0.038073652477764404,0.4063196962494029,214
0.0054656243482647075,0.03216608206909566,0.04304070054174392,0.04415989422464788,0.875167698816248,215
0.4276815286078328,0.0056161175569070295,0.03254987694520334,0.12540082468950592,0.40875165220055065,216
0.7080765848928324,0.010018369228188275,0.034420821752544885,0.012288821763410849,0.23519540236302355,217
0.47959587162402384,0.002702975216900999,0.043695997101955965,0.15442539184752174,0.31957976420959766,218
0.5981392485643453,0.0,0.01809266302417959,0.17920875485849158,0.20455933355298325,219
0.2763582269434263,0.0012058171226224752,0.036515914543672465,0.5837412466383592,0.10217879475191977,220
0.06659348251495165,1.3550135501355014e-05,0.07854019660015239,0.4030506157711178,0.45180215497827697,221
0.08292811572648627,0.048646894406176644,0.12268386649113068,0.008213234509476799,0.7375278888667295,222
0.25712554185595526,0.02208795913906463,0.030874675118130235,0.02163960607056478,0.6682722178162851,223
0.5458336567406303,2.67379679144385e-05,0.0035871626272094156,0.23412570976244293,0.2164267329018031,224
0.08827325963173659,0.0,0.29650694587564014,0.34461902689723733,0.27060076759538587,225
0.5650341989984352,0.0024251443001443,0.044390824307332745,0.23861230617571494,0.14953752621837288,226
0.02539526226268678,0.02150176626344623,0.18143434579511677,0.016992393429772528,0.7546762322489777,227
0.018904459561602416,0.009508209501061649,0.045522039345713895,0.044515238399364394,0.881550053192257,228
0.435347851907364,0.0,0.022317456725231607,0.3158547510655209,0.2264799403018837,229
0.07886926385163273,0.02081263114902001,0.20057385069541236,0.018413619799174778,0.6813306345047602,230
0.8633639840304076,0.0023346714673673024,0.010933749273086024,0.039126384686580924,0.08424121054255762,231
0.8488075351973281,1.3550135501355014e-05,0.002038516759553345,0.06694803468356471,0.08219236322405254,232
0.020340603913778354,0.006757421032906787,0.06244132849276489,0.02228339336764126,0.888177253192909,233
0.12128230661421868,0.0025135967347705663,0.0627157750454841,0.24441117134287016,0.5690771502626566,234
0.36868553008410637,0.0006701834986718708,0.040974780536409704,0.3851642375009225,0.20450526837988975,235
0.7694985741922957,0.00605030389375443,0.007183484896137103,0.03123250726727072,0.18603512975054154,236
0.2870538988936327,4.320977701820292e-05,0.148259193507158,0.34506709561376964,0.21957660220842162,237
0.0630571802745758,0.01589609060100546,0.1307141013280235,0.035999949794357694,0.7543326780020375,238
0.5849347913975944,0.018114677805854275,0.010646438453519851,0.23812543397998126,0.14817865836305036,239
0.7278997055088666,0.0019326271027687236,0.04255103731862777,0.06402915819673358,0.16358747187300335,240
0.800040507212368,0.0,0.012226730160770458,0.023167171322569114,0.16456559130429252,241
0.3279411156036091,0.0003846153846153846,0.08135533046814934,0.37449736328619004,0.2158215752574364,242
0.7810941353499335,0.013583721933255646,0.030094999353428332,0.014675003640946968,0.1605521397224353,243
0.44748917795891385,0.00041206682347709494,0.03471478424763009,0.1778952555230219,0.33948871544695697,244
0.4269913786416098,2.4509803921568626e-05,0.02280071351756852,0.31235105508424643,0.2378323429526537,245
0.28664893012562914,0.0003104435369863906,0.037286125203707485,0.4949026610489165,0.18085184008476077,246
0.4502614220253025,0.0005928359010047805,0.016812154470189713,0.1337857676957314,0.39854781990777155,247
0.5052372151294745,0.0037154867003448885,0.03861289813818934,0.1975391254407562,0.2548952745912348,248
0.33155379229815635,3.820843405855493e-05,0.0761740258417892,0.4105522440228652,0.18168172940313046,249
0.6064257138723934,0.02124327175536938,0.027154334803824964,0.05300687075237029,0.2921698088160421,250
0.021279239860982173,0.029314357153216522,0.06942966286053948,0.1143036452696155,0.7656730948556456,251
0.3556345980787541,0.0008677678002647853,0.02260005964554517,0.4682587577055163,0.1526388167699194,252
0.013309514493421477,0.012457774704324843,0.07887929916592125,0.06440311404189214,0.8309502975944402,253
0.32581713944608914,3.571428571428571e-05,0.02871761758981536,0.42518135276060315,0.22024817591777815,254
0.009392780270498337,0.006401906580602718,0.04050876211730915,0.06668700614682983,0.8770095448847596,255
0.4414706877524533,0.001005611672278339,0.00869751324891454,0.27965110844135155,0.26917507888500225,256
0.3609905555670401,0.010143950434210474,0.16522849988894406,0.10281118483455205,0.3608258092752535,257
0.5210802233926851,0.0038817108352751884,0.025863223987831786,0.07347587921046554,0.3756989625737423,258
0.33031352559988364,0.015104251243027899,0.04994688930424127,0.46436417069874,0.14027116315410695,259
0.8342234608115627,0.00179030193107863,0.004924387496709885,0.017134072923633968,0.1419277768370147,260
0.7025038699626234,2.477700693756194e-05,0.005211023766762369,0.1148493308324621,0.17741099843121433,261
0.6434338454169649,0.0039888946620911785,0.003135074742008161,0.17127915004317548,0.17816303513576007,262
0.5837072498769692,0.0028189470029618725,0.002385354890870757,0.13801083594101168,0.2730776122881864,263
0.4382464441622151,0.00010875566435751861,0.03488961388332796,0.3740655891156731,0.1526895971744264,264
0.29478644869511594,0.00043134435657800146,0.08771463733991292,0.4030109490309327,0.21405662057746044,265
0.44820679926282436,7.521671462439149e-05,0.03863602113666814,0.17844606826077047,0.33463589462511295,266
0.06503751697899673,0.023473919145305392,0.14840076388106332,0.06576755329205511,0.6973202467025793,267
0.018377257638233415,0.006493998817094539,0.14382311244054624,0.029731087431820544,0.8015745436723053,268
0.009846531741115305,0.018439867723800577,0.16748263110791733,0.013391264479617084,0.7908397049475494,269
0.7170469082299976,0.00013187241803638922,0.028220220044305345,0.09348040056815744,0.16112059873950316,270
0.05150193213986062,0.016475426293818943,0.13646616160963224,0.01024570463916357,0.785310775317524,271
0.31969872584907294,0.005389666825726997,0.163834032024221,0.032517136818846736,0.47856043848213226,272
0.08580987234995707,0.0005691056910569106,0.14056195276700725,0.48517583901287786,0.2878832301791007,273
0.3875204884612771,0.008733995742819273,0.1348863094713787,0.1090851735791817,0.3597740327453435,274
0.22096606067617885,0.002126413965991623,0.2796817393923004,0.06715574096259848,0.430070045002931,275
0.014818188780096055,0.00361364331711997,0.2773762921686172,0.01641786766744482,0.687774008066722,276
0.00011627906976744185,0.00683111413612575,0.04339501168636015,0.013360377644534622,0.9362972174632119,277
0.31517554671189296,0.0034519388657319695,0.12462931301009951,0.0585502434034936,0.49819295800878166,278
0.6012244801584533,0.00223257880683976,0.01468783588955097,0.04982382952020679,0.33203127562494883,279
0.12592724361307364,0.013624539658061634,0.10342252892581609,0.08076276292448187,0.6762629248785669,280
0.40873187086731627,0.0023746625022257593,0.0316499856587451,0.32938875570153414,0.2278547252701792,281
0.3319324912618489,9.74025974025974e-05,0.03711545479941015,0.4528283700032183,0.1780262813381202,282
0.03143351071396505,0.006300296909563995,0.09551211789688539,0.03576006106367538,0.8309940134159097,283
0.812497100562497,0.0003025247632809562,0.009557822720050506,0.035058793677482485,0.14258375827668915,284
0.36417146789505317,0.001586919502230276,0.04529709361694162,0.4008502547299841,0.188094264255791,285
0.46247701889016457,0.00021745131653143164,0.012362555536137328,0.3739431433004302,0.15099983095673677,286
0.021618249754782378,0.01674378770629751,0.06617623908606851,0.008352534747622334,0.8871091887052289,287
0.01898892618563829,0.011443285955109184,0.06286710145912709,0.045566051369491135,0.8611346350306343,288
0.6537182757936837,0.005339627692568869,0.030495205295996242,0.2026999846068325,0.10774690661091883,289
0.294253100827287,0.002533338894423932,0.05890930841423161,0.4674083549022779,0.17689589696177957,290
0.5973657670715844,0.006430547716422127,0.04794709682350522,0.026956370172280263,0.3213002182162078,291
0.7828604696428317,0.003396968603560444,0.009819840756474718,0.023651385959804094,0.18027133503732917,292
0.8133523158530845,0.004840424996108788,0.02847917196094547,0.018146232147566714,0.13518185504229455,293
0.17099037786974802,0.021153174003915077,0.16379318453863131,0.15837683596635574,0.4856864276213495,294
0.33257558344392474,0.002086996336996337,0.03160113884983974,0.40635704843776865,0.22737923293147053,295
0.07159349310240151,0.027417817921411767,0.09330994332842411,0.04596596916064405,0.7617127764871185,296
0.36146746664277063,0.0022246895104611965,0.031738021049396214,0.3551658632441712,0.24940395955320083,297
0.09964501553966508,0.049483114490877514,0.3043899456934252,0.11394369194167528,0.43253823233435695,298
0.47668972657812353,9.845559845559845e-05,0.031502963188603926,0.28581149258814265,0.205897362046674,299
0.3839905718250819,0.00024005379581677308,0.02931230628113529,0.26718806672942663,0.3192690013685396,300
0.36202925437345435,0.0005397805629100955,0.01985907772013286,0.44830446729122586,0.1692674200522766,301
0.8004309747788764,0.002161548707722995,0.018274068589316607,0.035601620535566036,0.14353178738851802,302
0.8471547341534468,0.0002479061733106508,0.007330165843692716,0.04013702380847224,0.10513017002107712,303
0.5069346057335653,0.0003086870691037358,0.02156007743988737,0.2761152132429959,0.19508141651444805,304
0.060631979413550384,0.017989069109425146,0.33439860186442844,0.12184186322647632,0.46513848638611965,305
0.19356967082170765,0.0018824515828911744,0.10729752612605345,0.5329206015667719,0.16432974990257562,306
0.7578296369109959,0.003750588365658417,0.014873154364713594,0.08481675870535942,0.13872986165327236,307
0.42035126362297653,0.0008954723661852799,0.051782640528521745,0.1759029488658758,0.3510676746164406,308
0.5982946112955724,0.0042711729386920244,0.0033343856119655542,0.19727218767226082,0.19682764248150866,309
0.11250407548230273,0.08976386811859871,0.03391529726483594,0.037850167370858535,0.7259665917634043,310
0.45148274009355743,0.0009090909090909091,0.023445506178563797,0.2630793567184253,0.2610833061003628,311
0.856172844448389,0.0015775930401401332,0.02247474338716758,0.012653770810544675,0.10712104831375849,312
0.03899302550851937,0.006026608223699489,0.10123114193966665,0.012871746084829862,0.8408774782432841,313
0.46436957178870125,6.40564416196986e-05,0.038825090472141756,0.3091027093988095,0.18763857189872787,314
0.04775823969299631,0.030693194846536917,0.04720254685315722,0.0560022149298687,0.8183438036774406,315
0.3652208114895816,0.0038395138030490315,0.02799399116980425,0.36999871573940124,0.23294696779816398,316
0.34843913242426017,0.00362856138796088,0.03452570465835694,0.4867663323803014,0.12664026914912052,317
0.691134445481335,0.00041666666666666664,0.023762522219362717,0.06928231176824255,0.2154040538643928,318
0.004326669001371639,0.016814904366542868,0.03852950506259877,0.05106259887351579,0.8892663226959712,319
0.4274507910394958,0.0026986180858109376,0.019684879820143525,0.3184905946358852,0.23167511641866465,320
0.42355509086124443,0.00424305441291599,0.031336296800522405,0.15161647827543376,0.38924907964988376,321
0.00043011727723370815,0.005214222078458081,0.03280132200387471,0.033067427120381486,0.9284869115200521,322
0.007398132912838794,0.0067645203446053915,0.0639867092455027,0.0032663690476190475,0.918584268449434,323
0.709757524689874,0.03091671864110389,0.030416994233558228,0.023021968625787065,0.20588679380967723,324
0.7477539291323667,0.0015857019822674585,0.006203721571605298,0.04933864741361927,0.19511799990014123,325
0.8315454056103424,0.001020506068670033,0.011068663747611965,0.05100519862206239,0.10536022595131317,326
0.633862842453135,0.0008333333333333333,0.01556396922284114,0.15899350629966152,0.19074634869102894,327
0.48901171572972296,0.004047061479182041,0.017663360194961186,0.33184047038375836,0.15743739221237538,328
0.6523485863982929,0.003297663460182846,0.014682979384700407,0.17826408376763223,0.15140668698919144,329
0.11563019793752784,0.000625,0.0935094701788553,0.2270397823906364,0.5631955494929803,330
0.3073187053374049,6.180469715698393e-06,0.05955145648888584,0.4679196842683004,0.16520397343569335,331
0.026130404775135493,0.005630188127797714,0.13538826425603884,0.015492906344071702,0.817358236496956,332
0.825588177577735,0.0019426007975718385,0.020394878485301526,0.05408567758556156,0.09798866555383023,333
0.6296006933461159,0.0011111111111111111,0.008171478347149392,0.024049158852638527,0.3370675583429852,334
0.05130240721313753,0.0351983330722891,0.11816244086115639,0.06334424579386284,0.7319925730595539,335
0.7304426280948239,0.0002847793296528337,0.011892518594113485,0.03273697390003097,0.22464310008137875,336
0.03625700198063821,0.005373668342721321,0.4040195719051363,0.018099697135272555,0.5362500606362317,337
0.4733349538621936,0.0005,0.012436098342182442,0.18422131477964598,0.32950763301597774,338
0.06625537981242252,0.006101690780395963,0.11320075886680675,0.05940558070752765,0.7550365898328468,339
0.53293035162274,0.0012167940225188763,0.02744508498915824,0.23419964084951583,0.20420812851606704,340
0.31489303959853787,0.01755257555861499,0.13558887236096,0.054113011050865086,0.47785250143102226,341
0.7661659185095506,0.001736857301204988,0.010631634796378417,0.03208313879121642,0.18938245060164946,342
0.07097386707722596,0.015840991941611135,0.35218608634796067,0.15108174907443017,0.409917305558772,343
0.6304926418638674,0.0012976634601828455,0.03635557934721964,0.16261351514849387,0.1692406001802361,344
0.5250610510179782,0.000876033995503022,0.019978459591131748,0.154459980335398,0.299624475059989,345
0.3636952261336925,0.0027984208523592086,0.06306734036125534,0.35148697551384145,0.21895203713885172,346
0.1556961063033707,0.0,0.02735760958069772,0.623120738149167,0.19382554596676446,347
0.19524354095783486,0.10423004605025808,0.0580926238410133,0.04809966822305238,0.5943341209278415,348
0.2644631137614383,0.001349936689491148,0.06305669085902359,0.5333441387580544,0.13778611993199255,349
0.33609677285578293,0.0028929237809335196,0.05568336955402565,0.43110377526121396,0.17422315854804424,350
0.6526117300586664,0.003110186835677031,0.008081251266140704,0.1467868176051721,0.1894100142343435,351
0.0015762861639974134,0.00644184030763022,0.03870596049303941,0.04279130862734856,0.9104846044079845,352
0.3426080728033951,0.002211802998124296,0.01970192970940603,0.4717278945424696,0.1637502999466051,353
0.8002701603161749,0.0006620165869465697,0.017499118157041443,0.034428595912065395,0.14714010902777214,354
0.48803240896888783,0.001933746711035443,0.037954584058388224,0.273327790353673,0.19875146990801576,355
0.07920834900888817,0.06601811008663447,0.18085186059497624,0.0046424238174047235,0.6692792564920964,356
0.479812898663572,0.003269230769230769,0.026890189759620466,0.07178844814674305,0.41823923266083374,357
0.6765396537670857,0.0011583333333333333,0.0181238132054082,0.08147317667383139,0.22270502302034123,358
0.2607176687602294,0.06506089881779592,0.059463595048233134,0.05828076643629702,0.5564770709374443,359
0.6486031473554337,0.006782650614967688,0.019505236279778463,0.05986333180120096,0.26524563394861894,360
0.7511790657167786,0.019246979320984056,0.019099642476195108,0.04641205396097261,0.1640622585250697,361
0.04900315704095494,0.0023667800453514736,0.10368674347863907,0.4680302654101236,0.3769130540249311,362
0.2803198247952206,0.003046786310180821,0.041393336883309984,0.5364545379601499,0.13878551405113884,363
0.7248944073101404,0.006830737441901415,0.014037740021368279,0.07739149061914827,0.17684562460744158,364
0.5031449913439111,0.00028289676797935923,0.03743014387344615,0.11394950440087862,0.34519246361378464,365
0.010826121579220051,0.0013647308989936872,0.5653481928453274,0.022781631366744534,0.3996793233097147,366
0.6319865754332901,0.0011458333333333333,0.010418521008373111,0.022179415588054252,0.33426965463694924,367
0.0915362718625259,0.0054046630253526805,0.3559840204866782,0.15124293773566247,0.39583210688978093,368
0.020048580508352228,0.0277654537133006,0.24447567972232775,0.012295753615796719,0.6954145324402229,369
0.5433765434458437,0.002223442150978383,0.03803185113761333,0.041064228660595455,0.3753039346049691,370
0.6214058644894136,0.0009014046941678521,0.00462145377346189,0.1747840057099438,0.19828727133301285,371
0.6226623432135336,0.0011315789473684212,0.020110557055982404,0.09657589470771652,0.2595196260753992,372
0.867680401825988,0.001734216158763741,0.011751779465592256,0.04419128428588842,0.07464231826376794,373
0.25433963704141016,0.00033258032128514055,0.033479170358812246,0.5218399199634334,0.19000869231505926,374
0.0005760869565217392,0.010091667051712267,0.10000767262586646,0.03724431215165574,0.8520802612142434,375
0.3423272867120334,0.003482905982905983,0.06478191315691477,0.44449767171918475,0.14491022242896104,376
0.44357308131817297,8.767008869856823e-05,0.019871898283067256,0.3154297235459411,0.2210376267641203,377
0.5393769173845423,0.00040264255113609486,0.038359034836546145,0.2419731159895115,0.1798882892382645,378
0.5764668269649154,0.00017802546538178723,0.007568966555710032,0.180162340576562,0.23562384043743098,379
0.28549946799140213,0.09436160946346073,0.05670654726981979,0.05490453210194421,0.5085278431733733,380
0.6837359792435536,0.008585864693116216,0.052816528986328805,0.05402339416496256,0.20083823291203873,381
0.034964600908237935,0.01902284065617057,0.11866914989845005,0.0020737469026483896,0.8252696616344928,382
0.00838232042498288,0.02453399487269631,0.10179620888744761,0.0007905041217501586,0.8644969716931228,383
0.011193016467618493,0.005082442999827512,0.1620410206278619,0.023126593284915228,0.7985569266197765,384
0.3659558639765308,0.0020833333333333333,0.0771207886038746,0.3956818272567405,0.15915818682952104,385
0.2426332602286303,0.00315018315018315,0.026651133882024593,0.5018111867475318,0.2257542359916301,386
